Latitude        Longitude             Zip 
------------------------------------------
30.1927         -81.6050             32257
27.9306         -82.4653             33606
29.3754         -82.2440             32686
26.1290         -80.2601             33337
28.7448         -81.2233             32716
26.4564         -80.0793             33444
28.3822         -81.5690             32830
27.2939         -80.3503             34985
27.9694         -80.6473             32909
26.3587         -80.0831             33481
25.7664         -80.2317             33135
29.6486         -81.6376             32178
26.6065         -81.9502             33904
30.4223         -87.2248             32501
30.2687         -81.7473             32210
28.2442         -82.7193             34656
28.5725         -81.1219             32820
26.1221         -80.1390             33394
28.3067         -80.6862             32924
29.9190         -82.2956             32622
25.7743         -80.1937             33257
26.4546         -80.0656             33483
30.4456         -86.5717             32579
28.6611         -82.1553             33513
28.0395         -81.9498             33804
26.9298         -82.0454             33980
29.2858         -81.0559             32175
27.8903         -82.0315             33863
28.7508         -82.5139             34446
29.4281         -82.2449             32681
28.3318         -82.2446             33525
25.5584         -80.4582             33092
25.8321         -80.2094             33151
28.1963         -81.6079             33837
26.4517         -80.1580             33446
26.0218         -80.1891             33021
29.3295         -83.1400             32692
28.8670         -82.5727             34423
30.6092         -84.4143             32333
26.9212         -80.2144             33478
28.0345         -80.5887             32911
25.7907         -80.1300             33239
25.8570         -81.3778             34139
30.4213         -87.2169             32523
26.7153         -80.0534             33402
30.4383         -84.2807             32302
28.5006         -81.5354             34786
27.8397         -82.7912             33775
30.3299         -81.6517             32202
25.7378         -80.2248             33133
29.9849         -81.8022             32079
28.0096         -82.6967             34695
30.5029         -82.9322             32052
27.0074         -82.0163             33983
30.4223         -84.9466             32321
26.3446         -80.2109             33428
28.0836         -80.6081             32902
26.1423         -81.7960             34107
28.6607         -81.1134             32766
27.8466         -82.7954             33772
27.2866         -82.4770             34233
28.9338         -81.9914             32163
26.9827         -82.1412             33948
30.6038         -86.1211             32435
26.2997         -80.1810             33073
25.6694         -80.4085             33186
28.5663         -81.2608             32887
27.7709         -82.6793             33730
28.5803         -81.4396             32808
29.8433         -82.4048             32658
29.4610         -82.6356             32621
28.9175         -81.9229             32158
28.8887         -81.7827             34788
27.9318         -82.2950             33508
27.9382         -82.3756             33619
27.8450         -82.3125             33569
29.0275         -81.3068             32723
25.9450         -80.2145             33163
26.1502         -80.2745             33322
26.2379         -80.1248             33074
29.4750         -81.1303             32136
25.7743         -80.1937             33111
27.7391         -82.6435             33705
28.9093         -81.1922             32738
26.5529         -81.9486             33932
29.9395         -82.8993             32008
28.2129         -82.6807             34655
26.3464         -80.1564             33433
26.6700         -80.0582             33405
28.1880         -82.7346             34692
29.0112         -82.0325             34491
26.6939         -81.9452             33909
28.3306         -81.3544             34743
30.4059         -85.1974             32449
28.5466         -82.5213             34613
27.8918         -82.7248             33743
27.9425         -82.5057             33609
27.9750         -82.7019             33759
26.3168         -80.2753             33076
26.1423         -81.7960             34106
41.8829         -87.7582             60644
38.5159         -88.4375             62823
41.8721         -87.6578             60607
37.8042         -88.2612             62979
42.0039         -87.9703             60009
39.7622         -89.6275             62703
39.0908         -89.3945             62017
41.0521         -90.5436             61412
37.1674         -89.3537             62969
37.8245         -88.9209             62951
41.1530         -88.6502             60470
42.1794         -87.8059             60035
40.0373         -87.8365             61841
42.1103         -88.0342             60095
38.4034         -87.8187             62855
38.6706         -90.1689             62090
42.0564         -88.0725             60196
40.9863         -90.5491             61435
39.1952         -89.9607             62685
42.1050         -89.0169             61052
42.3542         -88.2294             60051
42.4227         -88.6048             60033
40.2991         -88.3560             61843
39.7495         -89.6060             62794
41.9025         -87.7393             60651
41.7662         -88.1410             60540
40.2279         -89.8903             62633
42.2554         -89.0768             61104
42.2097         -87.8056             60037
41.9699         -87.7603             60630
42.3198         -88.4477             60098
40.3613         -89.3231             61721
39.7119         -88.7975             61925
41.5378         -88.0572             60432
40.7446         -88.7219             61726
42.3761         -89.6365             61013
41.8119         -87.6873             60685
41.5203         -90.5416             61299
42.0411         -87.6901             60204
40.7878         -90.0265             61572
41.7454         -87.7135             60652
38.8446         -89.0790             62885
40.4659         -88.3609             60936
41.7504         -88.7754             60556
40.0132         -89.4520             62634
37.2146         -89.1968             62976
42.4558         -89.9454             61059
39.1445         -89.1087             62080
39.8499         -89.2513             62539
42.1340         -87.9341             60090
42.4715         -90.2580             61075
41.8580         -89.3171             61031
39.2885         -89.8661             62626
42.1103         -88.0342             60094
40.1964         -88.3928             61853
41.6558         -88.2203             60585
39.3762         -90.2933             62098
40.4705         -88.9433             61704
41.2617         -89.1237             61316
40.7442         -89.7184             61655
41.3279         -89.2042             61362
42.0431         -87.7899             60053
41.9909         -87.6629             60660
39.4202         -90.7692             62355
42.3155         -89.9195             61044
38.7067         -87.7657             62417
39.7848         -88.0001             61942
39.2836         -90.5329             62027
39.7624         -89.0507             62514
39.8331         -89.8686             62677
40.1131         -88.3613             61826
40.8765         -90.1747             61436
40.7152         -89.2706             61530
42.4793         -87.8318             60096
39.7778         -89.4064             62545
39.3958         -88.2530             62440
40.6731         -89.5514             61611
38.5514         -90.1544             62206
40.8638         -90.7457             61447
39.4760         -89.9794             62667
38.9280         -88.0291             62459
42.4838         -89.8060             61089
39.8071         -90.6630             62323
40.2207         -87.7987             61831
39.7612         -90.8832             62314
41.7431         -87.8066             60455
42.0288         -87.8944             60017
40.9672         -87.6217             60912
40.5103         -88.9980             61790
42.3492         -90.0202             61085
42.1120         -87.9792             60004
42.2711         -89.0940             61105
38.6427         -90.1387             62201
42.2810         -87.9500             60048
39.2176         -88.4803             62462
41.0464         -88.0858             60941
37.1935         -89.0933             62970
41.7728         -87.9757             60559
41.7750         -87.6421             60621
41.1454         -87.8601             60915
40.2024         -84.8268             47390
39.7290         -85.3331             46127
41.0938         -85.0707             46850
38.0828         -87.7543             47638
39.8271         -85.4450             47385
40.2180         -85.3790             47303
39.5464         -86.9500             46171
38.2764         -87.3778             47683
38.2820         -86.4843             47123
41.5686         -87.2622             46405
39.3459         -84.8924             47016
41.1383         -86.5179             46960
41.5899         -87.3732             46404
40.5686         -86.3467             46998
41.5907         -87.3199             46401
39.0691         -87.2599             47848
38.9253         -86.7742             47453
38.1645         -86.0510             47160
39.7509         -86.1924             46221
39.7628         -86.5343             46122
40.4249         -86.9162             47907
39.3900         -87.3000             47871
41.7331         -84.9452             46737
39.0491         -85.4789             47223
39.5742         -86.8653             46170
40.7626         -86.7550             47960
38.6208         -86.5899             47469
41.4495         -87.4764             46373
40.6947         -86.1951             46967
39.7795         -86.1328             46244
38.8579         -87.3879             47561
41.4602         -86.8355             46382
41.0897         -86.8808             47957
40.7368         -85.1622             46714
41.4570         -85.4822             46794
40.8320         -85.0054             46782
39.6488         -85.5828             46104
39.7795         -86.1328             46251
39.1010         -87.4102             47882
39.5269         -87.0869             47857
41.3098         -86.1174             46504
41.2696         -84.9398             46788
40.8331         -85.3190             46770
41.5401         -86.0205             46573
38.8836         -86.0486             47220
38.5398         -85.7734             47126
41.6763         -85.9621             46516
40.4696         -86.1189             46904
39.7406         -86.1569             46225
41.6835         -86.1682             46545
40.0060         -85.4434             47388
39.6675         -85.6934             46161
38.4626         -86.3180             47125
37.9290         -87.6604             47712
41.2150         -86.7759             46366
40.5359         -85.6616             46953
38.1081         -87.5589             47618
38.1834         -86.6058             47576
38.7687         -86.3428             47467
41.1217         -86.3858             46945
39.8466         -86.3869             46112
41.1053         -85.0624             46815
41.0480         -85.1135             46806
39.9040         -85.5205             47351
41.0938         -85.0707             46857
41.6546         -86.2479             46613
37.9703         -86.9568             47615
38.1176         -86.9286             47579
41.1547         -85.9693             46508
41.5848         -85.8581             46526
41.4402         -85.0221             46793
38.9831         -85.7405             47245
40.7361         -86.3734             46942
40.8825         -86.7453             47925
40.4879         -85.6055             46933
41.0087         -86.4061             46939
41.2111         -86.8725             46374
41.2124         -85.7061             46562
39.0859         -86.6689             47463
40.2811         -87.2241             47918
40.7516         -87.0290             47995
41.0938         -85.0707             46868
40.2884         -86.2297             46049
41.5500         -87.4569             46322
39.5000         -86.1797             46106
39.8957         -85.6144             46186
40.0519         -84.9300             47355
40.5445         -86.5016             46929
40.3761         -86.7740             47941
39.6682         -86.4959             46118
39.2727         -87.1082             47841
38.3445         -86.3003             47145
38.2189         -86.1145             47112
41.7286         -85.4727             46746
37.9971         -87.5750             47719
39.7795         -86.1328             46295
38.3878         -86.7568             47521
40.0449         -86.4641             46052
41.0938         -85.0707             46898
39.2303         -87.0458             47427
42.7325         -84.5555             48916
43.4017         -84.8429             48877
43.7068         -86.3142             49420
42.6367         -82.5866             48001
44.7317         -85.8528             49650
44.0457         -85.4300             49655
42.5378         -83.4810             48391
43.1793         -85.2497             48838
42.3495         -83.0927             48208
43.5657         -84.5873             48883
42.4723         -83.2940             48033
42.5365         -83.1503             48017
42.6601         -83.3863             48321
44.3692         -86.0467             49645
43.2828         -84.6088             48847
42.9147         -83.4845             48438
42.2451         -85.7943             49071
41.8259         -84.1016             49279
42.5675         -83.1500             48037
41.8276         -83.8773             49228
45.3637         -84.4695             49705
43.3962         -84.4243             48662
42.0143         -85.4727             49072
42.8187         -85.5244             49316
44.2790         -84.2286             48661
42.4788         -83.0248             48015
42.4895         -83.1446             48068
42.4586         -83.1363             48220
42.5149         -82.9968             48093
43.2484         -84.5433             48862
45.2654         -85.2297             49720
46.2321         -88.4508             49903
41.8963         -84.4440             49271
42.4136         -86.1298             49063
45.8410         -87.4816             49873
42.2340         -85.3238             49034
47.0937         -88.6613             49905
45.6792         -87.5319             49874
41.8459         -85.3345             49030
45.3748         -87.6206             49848
43.7714         -84.0513             48634
44.8947         -83.6059             49747
42.7732         -83.1711             48363
42.2581         -84.7561             49224
42.6601         -83.3863             48347
42.9134         -85.7053             49509
42.5936         -85.6282             49344
43.2645         -83.3796             48435
42.4710         -83.1438             48069
42.0275         -85.7988             49067
43.3485         -84.0326             48606
46.5308         -88.0914             49861
42.4992         -83.4773             48377
42.2459         -84.4013             49204
43.0314         -85.5503             49515
45.0666         -85.5974             49674
43.6896         -82.9640             48475
43.8377         -83.3525             48720
44.1120         -86.2652             49411
42.9443         -82.6916             48027
44.8382         -84.6824             49733
46.4088         -85.0136             49728
43.4278         -84.5952             48880
43.9583         -84.9193             48633
46.4151         -84.2854             49783
42.8409         -82.8899             48005
42.1209         -85.5024             49097
42.1602         -83.9117             48115
45.7777         -84.7298             49701
43.3645         -85.3792             49322
42.3903         -84.3428             49272
42.3756         -83.2889             48239
43.1930         -82.8393             48454
42.3959         -83.1411             48238
42.1555         -84.0332             48158
44.9924         -84.1480             49709
47.1158         -88.5580             49931
43.4269         -85.2924             48850
42.5424         -83.3793             48322
44.3767         -85.0946             49651
42.2069         -84.5501             49283
43.1962         -86.2738             49441
42.1244         -83.5946             48190
43.4047         -83.9156             48601
44.0499         -83.8430             48749
42.5702         -84.8352             48813
44.8020         -85.4347             49690
42.3809         -83.0409             48211
43.2435         -82.5301             48450
42.8894         -85.6219             49508
44.8162         -85.5751             49685
43.5844         -83.5393             48701
43.1036         -84.5139             48833
41.8909         -83.7847             49238
43.7204         -84.3954             48657
42.5015         -85.2495             49050
42.4734         -83.2219             48086
43.5965         -86.0607             49421
42.0230         -84.3794             49281
43.0712         -85.4809             49317
44.0827         -73.5306             12998
41.4641         -74.0591             12584
40.6763         -73.7966             11436
40.5923         -73.7933             11692
42.2281         -76.1625             13811
43.4167         -73.6975             12845
42.1955         -74.1023             12436
42.4511         -79.4154             14166
41.0977         -74.0109             10954
40.7808         -73.9772             10102
40.6306         -74.1379             10302
42.2098         -79.4667             14722
42.9571         -74.4021             12068
43.6262         -75.3553             13368
42.7708         -76.5862             13147
40.9365         -72.5773             11970
42.6526         -73.7562             12230
42.6336         -75.6172             13832
42.9142         -76.7024             13034
42.7684         -78.8871             14231
43.6517         -76.1264             13145
40.7684         -73.5251             11802
42.2470         -73.7552             12534
40.7278         -73.8602             11374
40.7297         -73.1607             11739
42.8946         -78.8245             14212
42.0704         -78.1448             14715
41.7227         -73.7184             12585
42.6526         -73.7562             12237
44.0147         -75.7284             13643
40.6514         -73.8708             11424
42.8974         -76.2806             13110
43.6754         -73.9325             12862
41.5202         -73.9333             12527
40.7135         -73.3546             11704
43.7237         -74.0873             12856
43.4117         -75.8226             13483
43.1685         -77.6845             14606
40.7651         -73.9858             10019
42.9167         -78.8895             14213
44.6592         -74.9681             13676
42.0849         -74.2407             12495
40.7993         -73.7343             11023
40.7851         -73.8096             11357
43.1099         -76.1870             13088
42.0319         -78.2097             14754
42.8927         -76.0265             13138
40.8382         -73.9420             10032
43.6978         -73.9860             12853
43.7323         -75.3669             13343
42.9829         -78.0898             14143
42.0172         -76.5333             14892
43.8801         -75.6839             13626
44.3604         -73.3963             12996
42.1868         -73.5483             12529
40.5457         -74.1792             10312
42.2417         -75.5366             13730
40.7496         -73.9919             10121
43.0538         -75.2716             13479
40.6869         -73.8501             11431
43.3281         -77.9953             14508
40.7808         -73.9772             10276
43.1965         -75.7305             13157
40.8861         -73.2438             11754
40.8086         -72.7064             11960
40.7049         -73.6176             11550
43.1401         -73.8398             12833
40.9043         -72.4103             11968
40.8857         -73.5526             11765
41.3946         -74.3302             10924
41.7599         -73.7437             12602
40.8702         -73.8495             10469
43.4508         -73.3031             12849
42.5126         -76.9270             14857
40.7517         -73.9752             10174
40.7105         -74.0163             10280
41.8782         -75.0343             12736
44.6902         -75.4774             13669
42.6165         -76.7268             14847
42.6769         -78.4410             14083
43.8622         -75.8719             13682
42.6315         -75.1866             13342
41.5443         -74.3615             10915
42.4723         -78.9981             14129
42.0354         -73.9092             12504
40.9943         -72.5363             11952
42.0053         -74.1532             12433
42.6526         -73.7562             12261
43.0662         -73.9215             12863
42.6809         -74.7653             13488
43.3024         -74.9977             13324
42.3709         -75.2486             13859
43.0616         -74.3375             12078
42.4276         -78.3608             14060
40.6514         -73.8708             11499
43.6148         -74.0249             12811
41.8756         -73.6912             12506
43.0855         -76.8725             14433
40.7143         -74.0060             10203
43.0408         -78.7812             14228
40.6752         -84.1244             45806
39.1802         -84.4204             45213
41.6712         -83.6060             43606
39.4281         -81.4644             45750
39.9945         -81.5006             43750
41.1668         -82.0157             44253
39.5554         -84.6219             45064
40.6777         -84.5152             45862
40.8336         -84.3247             45833
41.2684         -82.8577             44811
40.7598         -81.3500             44707
40.7627         -82.5593             44906
41.4320         -82.2038             44053
39.1447         -84.5533             45225
41.1698         -81.3124             44211
40.0204         -80.7638             43906
41.1712         -82.2269             44090
39.7390         -84.0856             45432
39.1232         -84.1350             45160
41.6225         -80.5754             44003
41.1237         -80.6539             44504
39.7970         -83.8256             45316
40.3572         -81.6436             43803
39.1668         -84.5382             45263
39.2668         -84.6283             45252
41.4735         -81.7398             44102
38.7903         -83.9666             45131
41.3208         -81.5429             44067
39.6083         -84.0260             45370
41.1328         -83.2854             44809
39.8013         -82.8125             43136
39.7687         -83.2057             43117
40.3407         -82.1559             43843
39.9853         -81.1375             43713
41.1287         -81.5400             44398
41.5842         -84.7570             43518
41.3921         -81.5232             44146
39.3987         -81.6649             45712
39.9690         -83.0114             43266
38.7495         -83.1335             45663
40.3406         -84.4963             45351
39.7505         -84.2686             45413
39.6673         -80.8720             43931
40.2876         -83.9744             43343
39.9648         -83.1260             43228
39.4413         -84.3652             45050
40.4659         -84.1780             45306
39.8534         -84.5369             45338
39.8520         -81.6576             43732
41.6662         -81.3396             44061
41.0197         -81.6212             44203
40.6142         -81.4223             44697
39.2800         -82.4753             45651
40.7680         -81.4119             44706
41.2395         -83.1479             44861
40.2126         -80.8815             43901
40.8304         -84.0852             45820
41.3323         -81.1464             44234
39.0388         -83.7505             45155
39.1668         -84.5382             45268
39.4766         -82.3281             43127
38.9621         -83.5936             45679
39.1991         -84.5251             45224
39.7862         -84.1622             45404
40.4062         -84.5076             45860
39.9181         -82.8321             43109
38.8237         -83.6995             45115
39.1432         -84.5217             45220
39.5159         -81.6559             45786
41.0760         -81.5206             44328
39.8814         -83.0839             43123
41.4701         -81.6490             44127
39.1110         -84.6594             45233
41.1887         -84.7448             45813
39.1668         -84.5382             45258
39.8617         -84.7793             45347
40.3283         -84.4836             45388
41.2941         -81.2283             44255
40.5092         -80.6241             43926
41.0329         -84.6139             45851
39.1075         -84.5257             45203
40.2625         -83.7528             43357
40.0800         -80.8003             43934
41.3508         -80.9672             44491
39.3715         -84.2108             45065
39.4845         -82.0805             45782
39.4414         -82.8488             45644
39.2208         -84.6418             45247
41.1030         -82.5998             44855
40.1224         -80.8149             43916
40.3605         -83.7571             43311
40.2947         -81.1839             44693
41.4748         -84.5629             43506
38.8017         -83.5333             45693
39.5285         -84.0815             45068
41.4385         -81.7398             44144
41.0109         -81.2977             44265
41.1624         -80.5762             44425
39.7423         -83.5970             43153
39.8581         -82.8872             43125
31.1509         -99.3372             76825
31.6410         -98.5276             76870
33.4070         -97.4716             76246
30.1716         -95.4985             77381
32.7673         -96.7776             75266
29.3475         -96.1933             77443
31.6948         -106.3000            88566
32.7714         -97.2915             76101
28.4805         -98.3503             78007
33.6066         -96.3502             75479
35.4319         -100.2568            79096
31.6725         -97.1138             76640
29.5255         -95.7565             77496
29.7239         -97.7449             78661
31.8766         -95.7327             75853
28.4756         -98.1782             78071
31.4467         -103.5791            79772
28.4101         -96.7023             77983
29.8340         -95.4342             77222
31.7215         -99.3212             76878
29.5407         -98.5521             78230
31.7918         -97.5203             76634
32.2452         -94.4555             75631
32.3201         -102.5409            79714
30.0167         -95.4470             77090
29.8340         -95.4342             77259
31.8265         -106.3857            79908
29.4059         -98.5078             78204
28.4398         -99.2328             78014
29.8235         -95.1848             77049
27.5155         -99.4986             78040
35.4015         -101.8951            79105
33.4183         -99.8137             79529
33.1301         -100.2344            79502
31.0723         -97.4720             76513
35.1663         -101.8868            79109
29.7633         -95.3633             77209
28.2639         -99.2802             78001
29.4353         -98.1952             78152
30.0702         -96.9020             78960
33.6280         -100.8197            79229
31.6948         -106.3000            88556
33.1903         -97.1282             76205
31.7587         -106.4869            79960
30.8800         -97.3857             76534
28.8675         -96.9990             77904
31.0510         -96.4291             77870
32.6041         -96.8653             75115
32.7904         -96.8044             75201
32.7357         -97.1081             76019
26.1513         -97.9185             78570
31.7529         -99.5473             76884
28.5278         -99.8635             78834
31.8925         -106.5426            79911
30.0292         -96.4448             78931
32.8721         -97.8667             76485
32.0484         -100.6922            76949
29.4683         -95.5776             77481
30.2631         -103.6541            79830
28.6908         -95.9675             77457
28.8259         -95.9046             77483
32.5885         -96.9438             75104
30.8906         -99.0212             76869
32.7673         -96.7776             75382
32.2214         -98.2224             76401
31.7089         -106.3293            79907
32.5421         -97.3208             76097
32.4682         -99.7182             79601
33.2636         -98.3931             76459
32.9968         -96.7921             75252
26.3440         -97.8123             78594
33.1901         -98.7446             76372
32.2079         -95.3948             75762
33.1298         -100.0559            79540
32.2054         -96.7900             76623
32.7673         -96.7776             75373
32.9660         -96.7452             75080
27.1583         -99.3202             78067
33.6666         -101.5277            79343
30.7142         -95.5508             77341
29.8019         -96.1014             77473
32.9643         -96.6012             75048
29.2117         -98.8552             78059
32.8013         -97.1952             76118
32.9247         -96.9598             75063
31.6948         -106.3000            88518
28.5119         -100.3112            78860
31.6948         -106.3000            88584
33.5914         -99.2587             76380
30.0799         -95.4172             77383
30.0709         -93.8659             77630
36.4453         -100.3254            79024
27.7536         -97.4347             78416
29.5395         -98.4194             78217
31.3514         -97.6444             76558
29.3465         -100.9289            78841
35.4015         -101.8951            79185
32.8147         -96.7877             75221
29.7844         -95.6849             77413
32.0482         -99.6775             79519